image_id  x_1    y_1    width   height
000180.jpg 134 348 321 321
000277.jpg 98 150 155 155
000306.jpg 117 142 223 223
000565.jpg 706 231 267 267
000727.jpg 469 160 186 185
000825.jpg 141 201 268 267
000876.jpg 150 150 154 155
000987.jpg 43 118 223 223
000989.jpg 92 142 223 223
001145.jpg 98 116 155 154
001367.jpg 52 171 267 268
001382.jpg 553 297 463 462
001414.jpg 64 133 154 155
001568.jpg 425 603 799 799
001854.jpg 35 139 186 186
002028.jpg 159 118 186 186
002056.jpg 290 142 267 267
002123.jpg 82 171 267 268
002154.jpg 117 192 223 223
002429.jpg 92 142 223 223
002622.jpg 77 160 185 185
002856.jpg 111 142 268 267
002993.jpg 82 82 267 268
003410.jpg 705 206 321 321
003437.jpg 191 142 223 223
003524.jpg 97 201 186 186
003628.jpg 92 217 223 223
003884.jpg 68 118 223 223
003907.jpg 253 202 155 154
003926.jpg 461 461 385 385
004074.jpg 118 180 186 186
004093.jpg 290 333 385 385
004369.jpg 92 167 223 223
004397.jpg 68 142 223 223
004584.jpg 1786 965 462 462
004595.jpg 159 222 186 185
004710.jpg 260 201 267 267
004739.jpg 76 119 385 385
005104.jpg 142 167 223 223
005109.jpg 194 246 462 462
005412.jpg 221 180 186 186
005455.jpg 111 142 268 267
005664.jpg 98 277 321 321
005765.jpg 408 167 154 155
006156.jpg 296 268 129 129
006282.jpg 399 400 462 462
006365.jpg 92 142 223 223
006452.jpg 132 133 155 155
006512.jpg 407 325 186 186
006591.jpg 348 206 321 321
006745.jpg 242 180 186 186
006916.jpg 12 116 155 154
007103.jpg 64 81 154 155
007107.jpg 200 142 268 267
007150.jpg 526 348 321 321
007158.jpg 81 133 155 155
007216.jpg 118 201 186 186
007413.jpg 349 260 268 268
007446.jpg 191 242 223 222
007641.jpg 1611 576 666 666
007710.jpg 262 180 186 186
007983.jpg 210 39 129 129
008064.jpg 491 384 321 321
008284.jpg 191 167 223 223
008349.jpg 315 118 223 223
008482.jpg 290 119 385 385
008519.jpg 205 170 321 321
008575.jpg 365 118 223 223
009197.jpg 110 96 129 129
009238.jpg 760 461 386 385
009399.jpg 205 170 321 321
009466.jpg 92 68 223 223
009653.jpg 98 241 321 321
009656.jpg 958 692 798 799
009658.jpg 118 160 186 185
009698.jpg 170 277 321 321
009703.jpg 132 133 155 155
010129.jpg 63 241 321 321
010224.jpg 97 139 186 186
010241.jpg 348 400 462 462
010243.jpg 110 53 129 129
010244.jpg 132 47 155 155
010280.jpg 92 93 223 223
010366.jpg 390 118 223 223
010461.jpg 1043 937 958 958
010481.jpg 142 68 223 223
010558.jpg 200 260 268 268
010582.jpg 324 98 186 186
010594.jpg 191 266 223 223
010716.jpg 68 118 223 223
010745.jpg 348 206 321 321
010801.jpg 77 139 185 186
010876.jpg 134 206 321 321
010893.jpg 81 98 155 155
011013.jpg 418 357 554 554
011143.jpg 118 139 186 186
011185.jpg 92 167 223 223
011397.jpg 241 170 321 321
011537.jpg 35 139 186 186
011608.jpg 200 82 268 268
011932.jpg 151 68 108 107
012556.jpg 1146 204 385 386
012577.jpg 118 160 186 185
012578.jpg 171 418 555 555
012758.jpg 735 171 268 268
012790.jpg 43 68 223 223
012906.jpg 159 139 186 186
012926.jpg 142 192 223 223
013007.jpg 132 202 155 154
013176.jpg 92 142 223 223
013530.jpg 650 428 665 666
013537.jpg 81 116 155 154
013786.jpg 117 93 223 223
013939.jpg 92 118 223 223
014286.jpg 399 451 462 462
014300.jpg 366 180 185 186
014542.jpg 191 192 223 223
014918.jpg 139 118 185 186
014985.jpg 414 167 223 223
015130.jpg 77 180 185 186
015240.jpg 312 241 321 321
015280.jpg 510 511 959 958
015538.jpg 204 76 385 385
015553.jpg 117 142 223 223
015554.jpg 159 160 186 185
015574.jpg 159 98 186 186
015593.jpg 280 724 666 666
015830.jpg 53 96 129 129
015941.jpg 52 171 267 268
016108.jpg 589 162 385 385
016369.jpg 159 118 186 186
016458.jpg 81 53 129 129
016588.jpg 205 277 321 321
016788.jpg 97 139 186 186
016806.jpg 56 118 186 186
016869.jpg 650 354 665 666
016881.jpg 1135 603 799 799
016971.jpg 266 242 223 222
017098.jpg 171 201 267 267
017119.jpg 399 348 462 463
017153.jpg 650 650 665 666
017499.jpg 216 167 223 223
017588.jpg 117 167 223 223
017723.jpg 77 118 185 186
017886.jpg 91 194 462 463
018270.jpg 849 480 555 555
018502.jpg 290 376 385 385
018515.jpg 92 68 223 223
018563.jpg 451 451 462 462
018567.jpg 118 118 186 186
018581.jpg 115 167 155 155
018923.jpg 1026 598 321 321
018943.jpg 43 118 223 223
019167.jpg 180 160 186 185
019243.jpg 97 160 186 185
019466.jpg 117 217 223 223
019535.jpg 221 222 186 185
019673.jpg 562 241 321 321
019750.jpg 356 603 555 555
019835.jpg 451 246 462 462
019991.jpg 759 400 462 462
020012.jpg 98 116 155 154
020132.jpg 97 201 186 186
020252.jpg 705 241 321 321
020287.jpg 280 576 666 666
020308.jpg 43 93 223 223
020321.jpg 142 291 223 223
020418.jpg 81 81 155 155
020463.jpg 290 333 385 385
020492.jpg 52 231 267 267
020639.jpg 461 418 385 386
020704.jpg 946 354 665 666
020722.jpg 139 160 185 185
020746.jpg 56 77 186 186
020894.jpg 118 118 186 186
021068.jpg 461 590 385 385
021078.jpg 142 192 223 223
021086.jpg 1252 1125 1150 1150
021236.jpg 141 82 268 268
021269.jpg 563 242 223 222
021334.jpg 919 384 321 321
021407.jpg 98 167 155 155
021423.jpg 562 241 321 321
021461.jpg 510 98 186 186
021552.jpg 81 133 155 155
021650.jpg 171 201 267 267
021652.jpg 43 118 223 223
021728.jpg 97 98 186 186
021852.jpg 736 68 223 223
021996.jpg 98 98 155 155
022097.jpg 262 139 186 186
022311.jpg 242 180 186 186
022455.jpg 91 56 108 107
022520.jpg 81 67 129 129
022608.jpg 77 160 185 185
022967.jpg 92 167 223 223
022974.jpg 723 405 959 958
023038.jpg 92 167 223 223
023039.jpg 67 67 129 129
023093.jpg 418 233 554 555
023155.jpg 111 112 268 267
023186.jpg 92 118 223 223
023292.jpg 241 93 223 223
023693.jpg 117 167 223 223
023720.jpg 111 112 268 267
023803.jpg 718 290 385 385
024046.jpg 180 118 186 186
024051.jpg 56 160 186 185
024378.jpg 97 118 186 186
024570.jpg 68 118 223 223
024879.jpg 180 139 186 186
024941.jpg 55 92 108 107
025190.jpg 384 348 321 321
025270.jpg 68 167 223 223
025338.jpg 92 142 223 223
025343.jpg 726 480 555 555
025554.jpg 134 206 321 321
025831.jpg 97 160 186 185
025953.jpg 184 133 155 155
026123.jpg 118 139 186 186
026154.jpg 407 139 186 186
026290.jpg 142 118 223 223
026552.jpg 115 150 155 155
026631.jpg 315 266 223 223
026753.jpg 117 192 223 223
026918.jpg 43 142 223 223
027258.jpg 290 231 267 267
027299.jpg 68 142 223 223
027534.jpg 97 139 186 186
027779.jpg 24 268 129 129
028110.jpg 418 233 554 555
028117.jpg 70 248 799 799
028138.jpg 117 167 223 223
028212.jpg 18 68 223 223
028285.jpg 1043 830 958 959
028346.jpg 81 96 129 129
028423.jpg 141 260 268 268
028462.jpg 64 64 154 155
028595.jpg 115 98 155 155
028636.jpg 280 428 666 666
028789.jpg 201 118 185 186
028825.jpg 386 222 186 185
028881.jpg 184 133 155 155
029117.jpg 46 150 155 155
029131.jpg 1274 333 385 385
029143.jpg 68 192 223 223
029188.jpg 216 242 223 222
029194.jpg 46 81 155 155
029365.jpg 22 82 268 268
029658.jpg 205 170 321 321
029676.jpg 180 160 186 185
029691.jpg 384 206 321 321
029736.jpg 81 98 155 155
029772.jpg 170 241 321 321
029883.jpg 97 139 186 186
029945.jpg 356 480 555 555
030042.jpg 675 461 385 385
030076.jpg 180 57 186 185
030146.jpg 366 98 185 186
030238.jpg 527 379 268 268
030251.jpg 77 201 185 186
030394.jpg 253 150 155 155
030501.jpg 324 304 186 186
030806.jpg 63 170 321 321
030862.jpg 830 1043 958 959
030941.jpg 111 171 268 268
030965.jpg 236 167 154 155
031029.jpg 726 603 555 555
031079.jpg 576 502 665 666
031146.jpg 150 184 154 155
031367.jpg 52 142 267 267
031394.jpg 43 167 223 223
031459.jpg 21 47 75 74
031498.jpg 103 140 108 107
031724.jpg 43 142 223 223
031787.jpg 171 231 267 267
032073.jpg 650 428 665 666
032258.jpg 139 139 185 186
032301.jpg 142 194 463 463
032709.jpg 287 98 155 155
033446.jpg 43 167 223 223
033836.jpg 312 313 321 321
033982.jpg 241 241 321 321
034096.jpg 96 82 129 129
034288.jpg 349 260 268 268
034834.jpg 43 118 223 223
034856.jpg 373 81 155 155
034857.jpg 81 116 155 154
034861.jpg 81 67 129 129
034900.jpg 958 692 798 799
034912.jpg 98 116 155 154
035011.jpg 262 180 186 186
035131.jpg 707 246 463 462
035246.jpg 167 150 155 155
035299.jpg 118 247 386 385
035309.jpg 92 93 223 223
035403.jpg 171 112 267 267
035452.jpg 297 297 462 462
035477.jpg 77 139 185 186
035555.jpg 76 290 385 385
035856.jpg 18 93 223 223
036134.jpg 118 118 186 186
036296.jpg 153 96 129 129
036514.jpg 77 77 185 186
036515.jpg 205 170 321 321
036699.jpg 139 139 185 186
036955.jpg 53 110 129 129
037000.jpg 118 160 186 185
037210.jpg 170 241 321 321
037238.jpg 315 93 223 223
037316.jpg 562 277 321 321
037449.jpg 527 231 268 267
037515.jpg 990 206 321 321
037673.jpg 77 180 185 186
037704.jpg 153 125 129 129
037891.jpg 92 217 223 223
037896.jpg 97 118 186 186
037940.jpg 562 241 321 321
037980.jpg 494 116 154 154
038000.jpg 290 290 385 385
038097.jpg 118 118 186 186
038204.jpg 117 142 223 223
038408.jpg 170 277 321 321
038442.jpg 180 160 186 185
038584.jpg 76 119 385 385
038769.jpg 242 201 186 186
038842.jpg 911 357 555 554
039155.jpg 56 160 186 185
039222.jpg 139 160 185 185
039442.jpg 399 348 462 463
039453.jpg 221 98 186 186
039574.jpg 124 125 129 129
039628.jpg 142 297 463 462
039639.jpg 312 241 321 321
039758.jpg 132 150 155 155
039782.jpg 92 142 223 223
040181.jpg 191 167 223 223
040397.jpg 290 376 385 385
040421.jpg 650 650 665 666
040466.jpg 118 118 186 186
040561.jpg 646 142 268 267
040630.jpg 97 180 186 186
040637.jpg 221 77 186 186
040817.jpg 735 82 268 268
041065.jpg 92 167 223 223
041135.jpg 27 170 321 321
041181.jpg 52 171 267 268
041303.jpg 22 171 268 268
041470.jpg 502 280 665 666
041683.jpg 461 418 385 386
041699.jpg 297 451 462 462
041859.jpg 56 139 186 186
041941.jpg 171 231 267 267
042179.jpg 91 92 462 462
042262.jpg 348 206 321 321
042264.jpg 167 118 223 223
042330.jpg 118 118 186 186
042448.jpg 98 98 155 155
042547.jpg 141 171 268 268
042558.jpg 77 139 185 186
043003.jpg 56 160 186 185
043084.jpg 115 184 155 155
043509.jpg 82 171 267 268
043653.jpg 340 217 223 223
043740.jpg 245 297 462 462
043895.jpg 180 160 186 185
043980.jpg 553 143 463 462
044038.jpg 98 116 155 154
044113.jpg 230 82 268 268
044216.jpg 159 118 186 186
044437.jpg 170 241 321 321
044525.jpg 277 206 321 321
045080.jpg 502 650 665 666
045293.jpg 191 291 223 223
045347.jpg 262 98 186 186
045458.jpg 79 92 108 107
045578.jpg 97 118 186 186
045657.jpg 1401 781 799 798
045885.jpg 118 201 186 186
046064.jpg 134 206 321 321
046267.jpg 707 348 463 463
046316.jpg 723 1043 959 959
046519.jpg 379 142 267 267
046682.jpg 82 171 267 268
046708.jpg 18 142 223 223
046773.jpg 118 98 186 186
046957.jpg 142 142 223 223
047221.jpg 118 118 186 186
047437.jpg 414 142 223 223
047516.jpg 124 254 129 129
047601.jpg 557 142 268 267
047745.jpg 134 206 321 321
047765.jpg 117 167 223 223
047959.jpg 35 118 186 186
048279.jpg 68 118 223 223
048315.jpg 171 201 267 267
048718.jpg 216 266 223 223
048791.jpg 451 348 462 463
048982.jpg 139 110 129 129
049214.jpg 180 139 186 186
049444.jpg 77 139 185 186
049523.jpg 139 160 185 185
049528.jpg 812 206 321 321
049534.jpg 245 297 462 462
049714.jpg 141 201 268 267
049772.jpg 111 142 268 267
049782.jpg 77 139 185 186
049805.jpg 68 217 223 223
049942.jpg 68 192 223 223
049962.jpg 348 277 321 321
049985.jpg 77 36 185 186
050027.jpg 77 98 185 186
050037.jpg 854 142 268 267
050166.jpg 150 167 154 155
050211.jpg 206 502 666 666
050275.jpg 315 118 223 223
050527.jpg 64 116 154 154
051062.jpg 33 247 385 385
051084.jpg 111 112 268 267
051349.jpg 115 98 155 155
051480.jpg 245 451 462 462
051789.jpg 35 77 186 186
051976.jpg 691 692 799 799
052647.jpg 1241 280 666 666
052732.jpg 803 376 385 385
052903.jpg 241 241 321 321
052936.jpg 340 118 223 223
052966.jpg 43 192 223 223
053310.jpg 56 139 186 186
053320.jpg 115 184 155 155
053326.jpg 64 98 154 155
053371.jpg 43 93 223 223
053374.jpg 98 98 155 155
053537.jpg 357 613 1151 1151
053557.jpg 216 217 223 223
053745.jpg 68 167 223 223
053906.jpg 139 139 185 186
053933.jpg 553 297 463 462
054052.jpg 15 77 186 186
054055.jpg 29 133 155 155
054058.jpg 200 171 268 268
054082.jpg 117 118 223 223
054199.jpg 171 260 267 268
054552.jpg 35 118 186 186
054612.jpg 115 133 155 155
054748.jpg 98 64 155 155
054878.jpg 92 192 223 223
055244.jpg 1219 973 555 555
055256.jpg 191 142 223 223
055293.jpg 1360 112 267 267
055387.jpg 81 133 155 155
055424.jpg 191 217 223 223
055457.jpg 81 98 155 155
055807.jpg 366 98 185 186
055820.jpg 485 741 1150 1150
055886.jpg 0 118 216 223
055924.jpg 56 98 186 186
055959.jpg 115 116 155 154
056065.jpg 332 119 386 385
056120.jpg 1078 150 155 155
056202.jpg 1067 297 462 462
056343.jpg 418 247 385 385
056369.jpg 489 118 186 186
056463.jpg 298 405 958 958
056703.jpg 43 167 223 223
056722.jpg 115 81 155 155
056896.jpg 205 277 321 321
057022.jpg 201 180 185 186
057183.jpg 64 98 154 155
057383.jpg 111 171 268 268
057654.jpg 390 291 223 223
057691.jpg 115 184 155 155
057895.jpg 118 139 186 186
057916.jpg 97 118 186 186
057976.jpg 64 98 154 155
058081.jpg 115 81 155 155
058157.jpg 946 724 665 666
058308.jpg 167 82 129 129
058431.jpg 139 139 129 129
058465.jpg 111 142 268 267
058579.jpg 546 333 386 385
058783.jpg 18 118 223 223
058808.jpg 142 297 463 462
058912.jpg 514 514 799 799
058925.jpg 221 180 186 186
059082.jpg 35 118 186 186
059167.jpg 201 118 185 186
059587.jpg 111 142 268 267
059859.jpg 375 247 385 385
059952.jpg 280 354 666 666
059996.jpg 150 116 154 154
060070.jpg 117 93 219 223
060184.jpg 98 133 155 155
060200.jpg 81 67 129 129
060266.jpg 418 172 554 554
060443.jpg 68 142 223 223
060695.jpg 1124 997 1150 1150
060745.jpg 139 160 185 185
060747.jpg 111 201 268 267
061126.jpg 139 118 185 186
061188.jpg 97 160 186 185
061344.jpg 92 118 223 223
061481.jpg 319 231 268 267
061498.jpg 92 192 223 223
061607.jpg 68 118 223 223
061983.jpg 134 63 321 321
062046.jpg 365 167 223 223
062118.jpg 77 160 185 185
062145.jpg 77 180 185 186
062217.jpg 230 201 268 267
062252.jpg 242 77 186 186
062330.jpg 798 428 665 666
062352.jpg 200 171 268 268
062399.jpg 485 997 1150 1150
062752.jpg 97 180 186 186
062763.jpg 180 118 186 186
062949.jpg 77 160 185 185
062952.jpg 139 118 185 186
062971.jpg 200 231 268 267
063010.jpg 266 192 223 223
063044.jpg 260 82 267 268
063059.jpg 29 98 155 155
063060.jpg 92 167 223 223
063169.jpg 502 280 665 666
063325.jpg 170 277 321 321
064052.jpg 92 118 223 223
064089.jpg 161 247 385 385
064104.jpg 117 118 223 223
064163.jpg 132 98 155 155
064268.jpg 77 139 185 186
064405.jpg 191 142 223 223
064444.jpg 1683 811 462 462
064845.jpg 349 171 268 268
064959.jpg 1118 348 462 463
065153.jpg 35 98 186 186
065171.jpg 124 82 129 129
065500.jpg 290 142 267 267
065516.jpg 241 192 223 223
065550.jpg 43 118 223 223
065683.jpg 872 116 155 154
065780.jpg 312 170 321 321
065907.jpg 115 133 155 155
066345.jpg 92 142 223 223
066425.jpg 605 297 462 462
066597.jpg 92 118 223 223
066910.jpg 883 491 321 321
066957.jpg 201 139 185 186
066987.jpg 603 233 554 555
067029.jpg 603 692 798 799
067088.jpg 242 139 186 186
067451.jpg 201 98 155 155
067453.jpg 167 98 155 155
067469.jpg 118 139 186 186
067631.jpg 81 98 155 155
067741.jpg 218 167 155 155
068297.jpg 92 142 223 223
068316.jpg 260 350 267 267
068427.jpg 132 150 155 155
068817.jpg 139 118 185 186
069040.jpg 191 167 223 223
069061.jpg 77 98 185 186
069132.jpg 425 514 799 799
069327.jpg 159 98 186 186
069471.jpg 110 295 554 555
069547.jpg 167 192 223 223
069552.jpg 141 201 268 267
069567.jpg 201 180 185 186
069800.jpg 111 171 268 268
069841.jpg 98 98 155 155
070214.jpg 455 206 321 321
070231.jpg 200 171 268 268
070304.jpg 365 365 223 223
070320.jpg 439 142 223 223
070393.jpg 461 376 385 385
070509.jpg 77 139 185 186
070519.jpg 230 260 268 268
070562.jpg 200 320 268 267
070715.jpg 98 98 155 155
070769.jpg 266 266 223 223
070867.jpg 82 201 267 267
070884.jpg 81 116 155 154
070953.jpg 82 142 267 267
071003.jpg 504 290 385 385
071187.jpg 77 118 185 186
071296.jpg 171 260 267 268
071496.jpg 92 118 223 223
071533.jpg 139 82 129 129
071582.jpg 97 160 186 185
071765.jpg 68 93 223 223
071804.jpg 35 139 186 186
071990.jpg 82 171 267 268
072016.jpg 349 260 268 268
072043.jpg 43 93 223 223
072328.jpg 68 142 223 223
072542.jpg 407 98 186 186
072557.jpg 68 192 223 223
072639.jpg 598 241 321 321
072654.jpg 159 118 186 186
072671.jpg 280 650 666 666
072674.jpg 1503 430 1380 1380
072723.jpg 204 376 385 385
072767.jpg 348 277 321 321
073071.jpg 239 67 129 129
073093.jpg 315 118 223 223
073127.jpg 151 68 108 107
073149.jpg 43 118 223 223
073195.jpg 77 118 185 186
073257.jpg 277 277 321 321
073309.jpg 221 222 186 185
073409.jpg 932 547 385 385
073577.jpg 38 225 129 129
073595.jpg 266 192 223 223
073656.jpg 142 68 223 223
073701.jpg 200 171 268 268
073783.jpg 97 118 186 186
073916.jpg 167 142 223 223
074121.jpg 605 246 462 462
074219.jpg 617 260 267 268
074347.jpg 81 150 155 155
074412.jpg 1611 576 666 666
074516.jpg 936 724 959 958
074829.jpg 191 167 223 223
074955.jpg 191 93 223 223
075026.jpg 118 139 186 186
075500.jpg 340 167 223 223
075559.jpg 201 118 185 186
075720.jpg 132 116 155 154
076114.jpg 469 118 186 186
076670.jpg 97 118 186 186
076672.jpg 97 160 186 185
076801.jpg 81 96 129 129
077070.jpg 201 263 185 186
077326.jpg 111 112 268 267
077421.jpg 291 93 222 223
077736.jpg 277 206 321 321
077778.jpg 280 576 666 666
077964.jpg 180 77 186 186
078001.jpg 66 106 89 90
078081.jpg 18 68 223 223
078208.jpg 81 98 155 155
078502.jpg 633 170 321 321
078589.jpg 180 201 186 186
078883.jpg 788 357 554 554
079127.jpg 139 160 185 185
079223.jpg 200 201 268 267
079257.jpg 43 192 223 223
079265.jpg 236 133 154 155
079335.jpg 117 242 223 222
079400.jpg 56 98 186 186
079717.jpg 180 180 186 186
079748.jpg 56 98 186 186
079776.jpg 461 204 385 386
079790.jpg 52 171 267 268
080106.jpg 419 134 321 321
080251.jpg 705 598 321 321
080517.jpg 97 139 186 186
080584.jpg 64 81 154 155
080636.jpg 502 143 462 462
080816.jpg 541 357 555 554
080834.jpg 170 170 321 321
080892.jpg 205 241 321 321
080936.jpg 163 128 107 107
081023.jpg 139 160 185 185
081051.jpg 139 118 185 186
081180.jpg 56 118 186 186
081227.jpg 117 242 223 222
081311.jpg 132 133 155 155
081315.jpg 18 167 223 223
081418.jpg 201 201 185 186
081563.jpg 92 118 223 223
081702.jpg 68 167 223 223
081822.jpg 118 247 386 385
082045.jpg 150 81 154 155
082207.jpg 339 81 155 155
082300.jpg 18 93 223 223
082366.jpg 64 133 154 155
082458.jpg 216 167 223 223
082496.jpg 43 142 223 223
082562.jpg 77 180 185 186
082703.jpg 111 171 268 268
082782.jpg 167 192 223 223
083214.jpg 43 142 223 223
083295.jpg 513 142 223 223
083376.jpg 43 118 223 223
083494.jpg 348 554 462 462
083578.jpg 379 171 267 268
083604.jpg 356 542 555 554
083616.jpg 225 139 129 129
083734.jpg 290 290 385 385
083895.jpg 407 98 186 186
084022.jpg 170 170 321 321
084040.jpg 379 231 267 267
084076.jpg 557 231 268 267
084204.jpg 504 290 385 385
084341.jpg 455 170 321 321
084589.jpg 64 150 154 155
084596.jpg 115 133 155 155
084627.jpg 448 139 186 186
084788.jpg 68 142 223 223
084846.jpg 115 133 155 155
085085.jpg 53 82 129 129
085172.jpg 324 118 186 186
085182.jpg 115 150 155 155
085275.jpg 348 241 321 321
085431.jpg 514 781 799 798
085717.jpg 82 112 267 267
085737.jpg 761 217 223 223
085745.jpg 171 260 267 268
085754.jpg 170 206 321 321
085820.jpg 171 112 267 267
085829.jpg 365 192 223 223
085907.jpg 502 428 665 666
085992.jpg 77 139 185 186
085995.jpg 491 491 321 321
086172.jpg 1759 502 666 666
086186.jpg 860 167 223 223
086316.jpg 216 118 223 223
086360.jpg 211 44 107 108
086558.jpg 239 67 129 129
086587.jpg 77 77 185 186
086769.jpg 242 201 186 186
086806.jpg 191 167 223 223
087000.jpg 118 98 186 186
087165.jpg 52 112 267 267
087520.jpg 191 118 223 223
087644.jpg 68 142 223 223
087795.jpg 68 118 223 223
087897.jpg 650 502 665 666
087916.jpg 290 201 267 267
088048.jpg 98 167 155 155
088394.jpg 77 180 185 186
088741.jpg 68 118 223 223
088754.jpg 180 77 186 186
088799.jpg 56 98 186 186
088853.jpg 262 139 186 186
088892.jpg 117 93 223 223
088996.jpg 1034 418 555 555
089065.jpg 81 82 129 129
089383.jpg 52 171 267 268
089551.jpg 33 247 385 385
089655.jpg 253 202 155 154
089673.jpg 29 133 155 155
089750.jpg 82 171 267 268
089776.jpg 111 171 268 268
089891.jpg 97 160 186 185
089981.jpg 605 246 462 462
090217.jpg 345 98 186 186
090550.jpg 97 160 186 185
090640.jpg 262 118 186 186
090933.jpg 141 112 268 267
091007.jpg 201 133 155 155
091149.jpg 201 98 155 155
091156.jpg 260 171 267 268
091407.jpg 35 139 186 186
091507.jpg 201 139 185 186
091924.jpg 180 118 186 186
091943.jpg 117 242 223 222
091980.jpg 159 139 186 186
092309.jpg 1281 973 554 555
092388.jpg 111 260 268 268
092402.jpg 68 167 223 223
092405.jpg 124 96 129 129
092498.jpg 233 172 555 554
092627.jpg 348 246 462 462
092781.jpg 150 81 154 155
092832.jpg 304 150 155 155
092848.jpg 248 426 798 798
092904.jpg 206 428 666 666
092960.jpg 354 428 665 666
092971.jpg 409 142 267 267
092987.jpg 553 348 463 463
093077.jpg 52 142 267 267
093160.jpg 253 133 155 155
093300.jpg 97 160 186 185
093486.jpg 134 206 321 321
093557.jpg 22 171 268 268
093614.jpg 110 233 554 555
093662.jpg 82 142 267 267
094037.jpg 332 204 386 386
094102.jpg 139 139 185 186
094128.jpg 171 201 267 267
094184.jpg 1118 400 462 462
094496.jpg 81 81 155 155
094699.jpg 260 260 267 268
094827.jpg 200 231 268 267
094876.jpg 118 247 386 385
095075.jpg 142 118 223 223
095125.jpg 603 692 798 799
095160.jpg 97 139 186 186
095256.jpg 633 206 321 321
095323.jpg 830 617 958 959
095332.jpg 81 110 129 129
095459.jpg 270 184 155 155
095536.jpg 98 116 155 154
095911.jpg 92 118 223 223
095957.jpg 167 116 155 154
096128.jpg 67 82 129 129
096266.jpg 77 160 185 185
096286.jpg 68 142 223 223
096318.jpg 419 313 321 321
096894.jpg 170 277 321 321
096974.jpg 262 201 186 186
097025.jpg 77 118 185 186
097096.jpg 200 290 268 268
097183.jpg 241 217 223 223
097415.jpg 563 118 223 223
097481.jpg 260 82 267 268
097512.jpg 171 231 267 267
097622.jpg 247 162 385 385
097660.jpg 414 118 223 223
097779.jpg 740 348 321 321
097796.jpg 159 139 186 186
097835.jpg 1723 840 1988 1988
098517.jpg 67 110 129 129
098746.jpg 52 171 267 268
098921.jpg 332 290 386 385
098974.jpg 56 118 186 186
099028.jpg 617 201 267 267
099095.jpg 691 781 799 798
099514.jpg 64 81 154 155
099590.jpg 291 266 222 223
099753.jpg 528 391 155 155
099844.jpg 204 333 385 385
100016.jpg 171 201 267 267
100056.jpg 324 139 186 186
100180.jpg 134 170 321 321
100259.jpg 514 692 799 799
100426.jpg 1019 576 666 666
100520.jpg 98 277 321 321
100569.jpg 139 139 185 186
100706.jpg 365 192 223 223
100750.jpg 218 116 155 154
100775.jpg 56 160 186 185
101222.jpg 319 231 268 267
101328.jpg 241 206 321 321
101545.jpg 551 160 186 185
101663.jpg 201 180 185 186
101696.jpg 451 400 462 462
101702.jpg 241 313 321 321
101808.jpg 98 133 155 155
101877.jpg 200 231 268 267
102076.jpg 77 139 185 186
102130.jpg 167 192 223 223
102478.jpg 429 1197 1380 1380
102615.jpg 159 139 186 186
102726.jpg 786 390 223 223
102856.jpg 191 93 223 223
102859.jpg 111 171 268 268
102914.jpg 142 217 223 223
102944.jpg 669 206 321 321
103217.jpg 52 142 267 267
103433.jpg 216 167 223 223
103491.jpg 142 217 223 223
103505.jpg 97 139 186 186
103608.jpg 194 348 462 463
103836.jpg 134 206 321 321
103856.jpg 159 160 186 185
103867.jpg 418 172 554 554
103887.jpg 277 313 321 321
103923.jpg 68 118 223 223
104024.jpg 118 139 186 186
104030.jpg 43 118 223 223
104034.jpg 18 68 223 223
104039.jpg 68 167 223 223
104041.jpg 1331 142 223 223
104308.jpg 118 139 186 186
104318.jpg 171 172 555 554
104877.jpg 201 201 185 186
104880.jpg 366 98 185 186
105080.jpg 633 99 321 321
105218.jpg 167 98 155 155
105323.jpg 312 206 321 321
105820.jpg 247 247 385 385
105888.jpg 96 82 129 129
106013.jpg 82 112 267 267
106166.jpg 849 480 555 555
106612.jpg 280 428 666 666
106860.jpg 200 142 268 267
106924.jpg 218 98 155 155
106954.jpg 159 160 186 185
106983.jpg 97 118 186 186
107037.jpg 366 160 185 185
107087.jpg 191 192 223 223
107203.jpg 270 133 155 155
107269.jpg 191 118 223 223
107349.jpg 64 133 154 155
107460.jpg 110 96 129 129
107555.jpg 117 192 223 223
107728.jpg 291 291 222 223
107788.jpg 247 333 385 385
107984.jpg 315 167 223 223
108254.jpg 97 160 186 185
108411.jpg 68 167 223 223
108473.jpg 82 112 267 267
108616.jpg 134 206 321 321
108723.jpg 92 118 223 223
108762.jpg 170 206 321 321
108803.jpg 216 118 223 223
108859.jpg 0 142 260 267
108909.jpg 170 134 321 321
108919.jpg 56 118 186 186
108944.jpg 132 150 155 155
109407.jpg 448 118 186 186
109590.jpg 291 217 222 223
109653.jpg 98 167 155 155
109710.jpg 885 142 223 223
109746.jpg 98 99 321 321
109802.jpg 117 167 223 223
109953.jpg 141 201 268 267
110121.jpg 142 192 223 223
110337.jpg 159 160 186 185
110435.jpg 92 217 223 223
110517.jpg 43 217 223 223
110565.jpg 52 201 267 267
110754.jpg 191 192 223 223
110814.jpg 0 204 375 386
110851.jpg 617 724 958 958
110924.jpg 81 98 155 155
111034.jpg 77 139 185 186
111780.jpg 82 201 267 267
111894.jpg 669 206 321 321
112008.jpg 139 98 185 186
112043.jpg 201 284 185 185
112131.jpg 43 93 223 223
112292.jpg 117 142 223 223
112437.jpg 428 304 185 186
112461.jpg 332 247 386 385
112539.jpg 77 139 185 186
112697.jpg 253 133 155 155
112842.jpg 216 118 223 223
112895.jpg 247 204 385 386
112937.jpg 345 77 186 186
112944.jpg 384 313 321 321
113065.jpg 201 180 185 186
113131.jpg 35 118 186 186
113229.jpg 312 313 321 321
113386.jpg 77 139 185 186
113697.jpg 241 206 321 321
113700.jpg 115 150 155 155
113843.jpg 56 139 186 186
113901.jpg 613 741 1150 1150
114411.jpg 141 260 268 268
114483.jpg 0 46 76 90
114529.jpg 82 142 267 267
114595.jpg 67 82 129 129
114744.jpg 142 142 223 223
114766.jpg 221 180 186 186
114855.jpg 245 348 462 463
114966.jpg 386 201 186 186
115359.jpg 287 81 155 155
115365.jpg 77 139 185 186
115396.jpg 77 180 185 186
115467.jpg 218 64 155 155
115526.jpg 180 139 186 186
115590.jpg 266 192 223 223
115635.jpg 439 93 223 223
115898.jpg 118 139 186 186
115937.jpg 27 134 321 321
115959.jpg 241 341 223 222
115970.jpg 150 150 154 155
116011.jpg 150 150 154 155
116205.jpg 375 418 385 386
116246.jpg 705 206 321 321
116434.jpg 461 162 385 385
116482.jpg 18 167 223 223
116519.jpg 390 93 223 223
116631.jpg 118 180 186 186
116721.jpg 218 116 155 154
116844.jpg 182 153 129 129
116923.jpg 287 133 155 155
117174.jpg 648 116 155 154
117176.jpg 1058 142 223 223
117265.jpg 239 125 129 129
117284.jpg 134 170 321 321
117305.jpg 184 133 155 155
117370.jpg 290 247 385 385
117387.jpg 854 231 268 267
117496.jpg 139 139 185 186
117701.jpg 239 139 129 129
117723.jpg 191 266 223 223
118060.jpg 170 206 321 321
118262.jpg 118 139 186 186
118662.jpg 1313 781 798 798
118725.jpg 241 167 223 223
118770.jpg 563 118 223 223
118917.jpg 77 118 185 186
119097.jpg 52 171 267 268
119209.jpg 139 180 185 186
119213.jpg 52 201 267 267
119223.jpg 409 142 267 267
119408.jpg 167 98 155 155
119455.jpg 348 451 462 462
119614.jpg 1043 1469 958 959
119714.jpg 142 142 223 223
119743.jpg 194 348 462 463
119904.jpg 142 192 223 223
119969.jpg 118 76 386 385
120072.jpg 142 192 223 223
120523.jpg 741 486 1150 1150
120648.jpg 56 139 186 186
121023.jpg 349 201 268 267
121201.jpg 418 333 385 385
121274.jpg 76 162 385 385
121587.jpg 97 139 186 186
121664.jpg 230 171 268 268
121678.jpg 491 420 321 321
121723.jpg 64 98 154 155
121784.jpg 182 96 129 129
122243.jpg 22 112 268 267
122264.jpg 18 43 223 223
122316.jpg 501 343 62 62
122327.jpg 171 112 267 267
122468.jpg 230 260 268 268
122525.jpg 587 231 267 267
122569.jpg 141 290 268 268
122585.jpg 201 167 155 155
122595.jpg 201 167 155 155
122723.jpg 236 64 154 155
122816.jpg 514 869 799 799
123133.jpg 132 64 155 155
123464.jpg 541 295 555 555
123532.jpg 118 139 186 186
123720.jpg 191 142 223 223
123870.jpg 97 201 186 186
123930.jpg 315 365 223 223
123947.jpg 191 242 223 222
124101.jpg 171 112 267 267
124193.jpg 526 170 321 321
124231.jpg 262 139 186 186
124457.jpg 97 118 186 186
124526.jpg 43 118 223 223
124616.jpg 290 376 385 385
124679.jpg 56 98 186 186
124741.jpg 290 247 385 385
124772.jpg 92 142 223 223
124843.jpg 1895 260 267 268
124845.jpg 141 171 268 268
124856.jpg 118 139 186 186
125056.jpg 98 170 321 321
125135.jpg 97 118 186 186
125349.jpg 98 98 155 155
125478.jpg 82 82 267 268
125525.jpg 171 142 267 267
125608.jpg 64 150 154 155
125609.jpg 241 241 321 321
125646.jpg 76 204 385 386
125739.jpg 98 206 321 321
125788.jpg 77 139 185 186
125936.jpg 141 171 268 268
126011.jpg 277 241 321 321
126063.jpg 632 376 385 385
126080.jpg 43 142 223 223
126241.jpg 216 217 223 223
126315.jpg 115 98 155 155
126374.jpg 375 376 385 385
126606.jpg 245 502 462 463
126756.jpg 241 277 321 321
126888.jpg 139 160 185 185
126970.jpg 216 192 223 223
127060.jpg 282 196 129 129
127131.jpg 0 112 260 267
127276.jpg 409 201 267 267
127570.jpg 68 68 223 223
127591.jpg 117 464 223 223
127655.jpg 43 93 223 223
127711.jpg 43 192 223 223
127718.jpg 461 204 385 386
127750.jpg 191 217 223 223
128137.jpg 77 160 185 185
128167.jpg 97 160 186 185
128372.jpg 35 180 186 186
128432.jpg 996 613 1151 1151
128460.jpg 200 171 268 268
128491.jpg 118 201 186 186
128779.jpg 68 142 223 223
128918.jpg 111 142 266 267
129072.jpg 117 93 223 223
129147.jpg 171 172 555 554
129156.jpg 77 180 185 186
129421.jpg 18 142 223 223
129448.jpg 118 139 186 186
129492.jpg 139 160 185 185
129657.jpg 171 201 267 267
129822.jpg 142 68 223 223
130072.jpg 1093 1316 666 665
130456.jpg 29 98 155 155
130498.jpg 68 167 223 223
130592.jpg 43 118 223 223
130719.jpg 167 118 223 223
130830.jpg 587 231 267 267
130914.jpg 356 480 555 555
130971.jpg 247 376 385 385
131067.jpg 247 204 385 386
131275.jpg 201 98 185 186
131319.jpg 1377 201 186 186
131369.jpg 97 118 186 186
131420.jpg 98 98 155 155
131570.jpg 118 180 186 186
131682.jpg 141 171 268 268
131835.jpg 253 47 155 155
131881.jpg 111 112 268 267
131904.jpg 171 112 263 267
132045.jpg 650 650 665 666
132162.jpg 77 139 185 186
132169.jpg 633 170 321 321
132524.jpg 266 118 223 223
132799.jpg 366 57 185 185
132861.jpg 118 160 186 185
132865.jpg 223 199 107 108
132931.jpg 170 206 321 321
133138.jpg 92 142 223 223
133653.jpg 545 150 155 155
133706.jpg 53 67 129 129
133736.jpg 67 67 129 129
133826.jpg 191 118 223 223
133881.jpg 200 201 268 267
133989.jpg 455 170 321 321
134226.jpg 115 81 155 155
134277.jpg 52 142 267 267
134303.jpg 139 180 185 186
134412.jpg 92 167 223 223
134520.jpg 180 139 186 186
134555.jpg 218 116 155 154
134786.jpg 167 118 223 223
134880.jpg 142 167 223 223
134883.jpg 43 118 223 223
135126.jpg 2020 603 555 555
135188.jpg 43 118 223 223
135634.jpg 161 247 385 385
135803.jpg 384 277 321 321
135915.jpg 141 171 268 268
136081.jpg 167 116 155 154
136097.jpg 68 43 223 223
136128.jpg 205 206 321 321
136219.jpg 319 320 268 267
136321.jpg 43 142 223 223
136523.jpg 142 142 223 223
136580.jpg 117 118 223 223
136629.jpg 81 98 155 155
136745.jpg 780 781 799 798
136750.jpg 134 99 321 321
136798.jpg 64 81 154 155
136834.jpg 68 167 223 223
136851.jpg 241 170 321 321
136962.jpg 98 184 155 155
136965.jpg 139 110 129 129
137116.jpg 0 118 216 223
137229.jpg 194 297 462 462
137289.jpg 253 167 155 155
137319.jpg 142 93 223 223
137796.jpg 196 125 129 129
137805.jpg 132 116 155 154
137817.jpg 67 68 108 107
137972.jpg 170 241 321 321
138292.jpg 97 180 186 186
138502.jpg 735 201 268 267
138525.jpg 56 118 186 186
138575.jpg 319 260 268 268
138577.jpg 167 242 223 222
138587.jpg 117 142 223 223
138689.jpg 167 133 155 155
138754.jpg 167 167 223 223
139101.jpg 348 241 321 321
139135.jpg 68 192 223 223
139293.jpg 236 98 154 155
139486.jpg 92 118 223 223
139751.jpg 315 167 223 223
139791.jpg 336 248 756 799
139938.jpg 68 142 223 223
139956.jpg 82 82 267 268
140011.jpg 184 116 155 154
140069.jpg 290 290 385 385
140130.jpg 43 167 223 223
140186.jpg 43 93 223 223
140276.jpg 97 118 186 186
140449.jpg 191 167 223 223
140552.jpg 92 192 223 223
140624.jpg 379 171 267 268
140700.jpg 139 139 185 186
140721.jpg 111 201 268 267
140757.jpg 56 160 186 185
140826.jpg 18 118 223 223
140854.jpg 82 171 267 268
140965.jpg 557 201 268 267
141015.jpg 295 418 554 555
141089.jpg 245 246 462 462
141288.jpg 77 77 185 186
141523.jpg 118 118 186 186
141591.jpg 35 118 186 186
141635.jpg 124 82 129 129
141749.jpg 52 112 267 267
141764.jpg 390 217 223 223
142044.jpg 97 160 186 185
142454.jpg 587 82 267 268
142480.jpg 958 692 798 799
142663.jpg 110 110 129 129
142759.jpg 260 201 267 267
142850.jpg 35 118 186 186
142868.jpg 312 170 321 321
143089.jpg 77 118 185 186
143679.jpg 451 400 462 462
143682.jpg 200 171 268 268
143693.jpg 150 81 154 155
143783.jpg 98 313 321 321
143812.jpg 428 222 185 185
144441.jpg 348 206 321 321
144799.jpg 48 295 555 555
144901.jpg 52 142 267 267
144941.jpg 191 93 223 223
144990.jpg 266 217 223 223
145081.jpg 27 170 321 321
145229.jpg 386 98 186 186
145241.jpg 15 180 186 186
145312.jpg 724 502 665 666
145362.jpg 98 116 155 154
145486.jpg 541 726 555 555
145664.jpg 98 167 155 155
145702.jpg 439 167 223 223
145764.jpg 233 480 555 555
145955.jpg 171 231 267 267
145987.jpg 22 112 268 267
146167.jpg 98 206 321 321
146202.jpg 77 118 185 186
146253.jpg 180 139 186 186
146283.jpg 43 192 223 223
146396.jpg 662 118 223 223
146563.jpg 830 511 958 958
147128.jpg 332 290 386 385
147135.jpg 735 142 268 267
147154.jpg 780 869 799 799
147204.jpg 384 134 321 321
147242.jpg 201 201 185 186
147288.jpg 247 247 385 385
147295.jpg 324 180 186 186
147413.jpg 216 118 223 223
147434.jpg 723 830 959 959
147829.jpg 167 98 155 155
147902.jpg 593 98 185 186
147950.jpg 64 81 154 155
148033.jpg 167 118 223 223
148047.jpg 184 184 155 155
148102.jpg 97 98 186 186
148109.jpg 142 167 223 223
148218.jpg 297 400 462 462
148262.jpg 366 118 185 186
148384.jpg 290 204 385 386
148721.jpg 603 603 798 799
148931.jpg 33 247 385 385
149008.jpg 553 246 463 462
149333.jpg 22 82 268 268
149627.jpg 134 170 321 321
149637.jpg 260 320 267 267
149748.jpg 77 139 185 186
149764.jpg 77 98 185 186
149841.jpg 290 231 267 267
149910.jpg 167 167 223 223
150171.jpg 82 171 267 268
150287.jpg 491 134 321 321
150470.jpg 428 180 185 186
150566.jpg 161 290 385 385
150584.jpg 29 47 155 155
150590.jpg 491 241 321 321
150629.jpg 159 139 186 186
150952.jpg 1934 781 798 798
151028.jpg 201 64 155 155
151050.jpg 171 171 267 268
151091.jpg 404 830 958 959
151094.jpg 847 277 321 321
151123.jpg 82 201 267 267
151366.jpg 56 118 186 186
151368.jpg 167 118 223 223
151781.jpg 139 67 129 129
151794.jpg 603 692 798 799
151840.jpg 150 64 154 155
151922.jpg 92 142 223 223
151923.jpg 35 118 186 186
152454.jpg 312 420 321 321
152505.jpg 297 246 462 462
152845.jpg 588 266 223 223
152847.jpg 461 333 385 385
152893.jpg 846 247 385 385
152924.jpg 428 139 185 186
153005.jpg 557 171 268 268
153039.jpg 56 160 186 185
153140.jpg 461 418 385 386
153362.jpg 469 118 186 186
153430.jpg 171 231 267 267
153450.jpg 290 231 267 267
153584.jpg 167 192 223 223
153861.jpg 810 348 462 463
154215.jpg 634 160 186 185
154423.jpg 230 613 1150 1151
154466.jpg 56 160 186 185
154549.jpg 664 480 555 555
154770.jpg 77 180 185 186
154789.jpg 0 118 216 223
154819.jpg 35 139 186 186
154866.jpg 117 217 223 223
155111.jpg 295 480 554 555
155154.jpg 142 246 463 462
155219.jpg 132 133 155 155
155425.jpg 399 554 462 462
155434.jpg 43 118 223 223
155628.jpg 356 480 555 555
156042.jpg 118 98 186 186
156213.jpg 77 139 185 186
156362.jpg 118 139 186 186
156370.jpg 171 171 267 268
156406.jpg 150 81 154 155
156503.jpg 43 142 223 223
156687.jpg 92 118 223 223
156853.jpg 97 77 186 186
156889.jpg 134 348 321 321
156903.jpg 266 192 223 223
156989.jpg 81 116 155 154
157142.jpg 46 81 155 155
157321.jpg 115 116 155 154
157511.jpg 77 180 185 186
157586.jpg 390 167 223 223
157598.jpg 132 150 155 155
157691.jpg 200 112 268 267
157713.jpg 180 180 186 186
157854.jpg 92 142 223 223
158253.jpg 167 142 223 223
158266.jpg 510 511 959 958
158535.jpg 139 118 185 186
158704.jpg 386 98 186 186
158730.jpg 92 192 223 223
158887.jpg 81 150 155 155
158958.jpg 68 142 223 223
159048.jpg 884 260 268 268
159085.jpg 527 142 268 267
159196.jpg 98 133 155 155
159248.jpg 262 160 186 185
159447.jpg 98 202 155 154
159483.jpg 180 118 186 186
159991.jpg 221 118 186 186
160128.jpg 304 263 185 186
160305.jpg 277 277 321 321
160436.jpg 723 937 959 958
160640.jpg 245 348 462 463
160718.jpg 366 160 185 185
160849.jpg 200 201 268 267
161080.jpg 861 297 463 462
161192.jpg 1067 139 186 186
161255.jpg 399 451 462 462
161289.jpg 348 246 462 462
161438.jpg 167 142 223 223
161534.jpg 603 418 554 555
161706.jpg 22 171 268 268
162031.jpg 356 542 555 554
162121.jpg 339 253 155 155
162195.jpg 382 67 129 129
162226.jpg 12 47 155 155
162242.jpg 139 180 185 186
162339.jpg 117 118 223 223
162353.jpg 110 542 554 554
162370.jpg 1207 167 223 223
162478.jpg 97 139 186 186
162527.jpg 82 231 267 267
162668.jpg 1061 313 321 321
162676.jpg 0 118 180 186
182734.jpg 277 241 321 321
182757.jpg 150 150 154 155
182794.jpg 399 143 462 462
182832.jpg 171 171 267 268
182974.jpg 812 134 321 321
183064.jpg 98 167 155 155
183598.jpg 139 98 185 186
183602.jpg 562 241 321 321
183656.jpg 115 133 155 155
183703.jpg 277 241 321 321
183705.jpg 141 171 268 268
183714.jpg 43 93 223 223
183764.jpg 319 171 268 268
183768.jpg 46 98 155 155
183798.jpg 92 142 223 223
183861.jpg 43 43 223 223
183963.jpg 117 93 223 223
184009.jpg 118 118 186 186
184024.jpg 340 142 223 223
184046.jpg 270 184 155 155
184121.jpg 159 139 186 186
184149.jpg 63 99 321 321
184177.jpg 260 201 267 267
184231.jpg 167 291 223 223
184232.jpg 204 290 385 385
184250.jpg 111 142 268 267
184486.jpg 117 93 223 223
184568.jpg 200 231 268 267
184633.jpg 111 171 268 268
184675.jpg 854 171 268 268
184678.jpg 216 192 223 223
184720.jpg 201 77 185 186
184789.jpg 241 217 223 223
184942.jpg 479 480 555 555
184961.jpg 637 192 223 223
185159.jpg 191 167 223 223
185206.jpg 216 142 223 223
185239.jpg 141 201 268 267
185257.jpg 167 167 223 223
185304.jpg 82 142 267 267
185380.jpg 414 93 223 223
185388.jpg 312 384 321 321
185415.jpg 117 192 223 223
185435.jpg 161 162 385 385
185743.jpg 115 98 155 155
185894.jpg 118 139 186 186
186155.jpg 35 139 186 186
186176.jpg 167 81 155 155
186240.jpg 115 81 155 155
186262.jpg 451 502 462 463
186281.jpg 167 47 155 155
186508.jpg 541 110 555 555
186545.jpg 18 93 223 223
186734.jpg 911 480 555 555
186908.jpg 92 192 223 223
187026.jpg 167 81 155 155
187133.jpg 64 133 154 155
187150.jpg 1362 617 959 959
187153.jpg 171 171 267 268
187165.jpg 118 139 186 186
187193.jpg 464 118 223 223
187285.jpg 514 692 799 799
187309.jpg 98 98 155 155
187562.jpg 170 241 321 321
187615.jpg 118 160 186 185
187617.jpg 740 170 321 321
187636.jpg 230 231 268 267
187643.jpg 68 242 223 222
187723.jpg 418 233 554 555
187799.jpg 134 63 321 321
187821.jpg 118 139 186 186
187907.jpg 245 194 462 463
187940.jpg 142 93 223 223
187957.jpg 706 231 267 267
188064.jpg 205 313 321 321
188164.jpg 97 118 186 186
188176.jpg 650 576 665 666
188219.jpg 716 98 186 186
188289.jpg 656 400 462 462
188308.jpg 221 160 186 185
188368.jpg 97 160 186 185
188374.jpg 513 242 223 222
188406.jpg 282 110 129 129
188446.jpg 81 81 155 155
188462.jpg 563 167 223 223
188499.jpg 218 98 155 155
188562.jpg 118 139 186 186
188614.jpg 139 110 129 129
188617.jpg 150 81 154 155
188684.jpg 97 98 186 186
188752.jpg 221 118 186 186
188758.jpg 889 162 385 385
188936.jpg 117 167 223 223
189002.jpg 18 118 223 223
189085.jpg 81 53 129 129
189102.jpg 613 167 222 223
189147.jpg 295 480 554 555
189172.jpg 191 266 223 223
189355.jpg 205 241 321 321
189362.jpg 451 246 462 462
189397.jpg 150 98 154 155
189570.jpg 139 160 185 185
189620.jpg 290 260 267 268
189669.jpg 29 116 155 154
189757.jpg 280 428 666 666
189798.jpg 171 201 267 267
189846.jpg 511 150 155 155
189885.jpg 245 297 462 462
189934.jpg 68 142 223 223
190018.jpg 397 168 129 129
190019.jpg 632 333 385 385
190026.jpg 92 142 223 223
190066.jpg 419 206 321 321
190132.jpg 97 139 186 186
190217.jpg 716 118 186 186
190269.jpg 551 284 186 185
190530.jpg 691 869 799 799
190651.jpg 159 77 186 186
190667.jpg 171 201 267 267
190691.jpg 404 511 958 958
190721.jpg 1469 1469 864 959
190839.jpg 348 134 321 321
190957.jpg 68 167 223 223
190997.jpg 175 46 90 90
191165.jpg 77 118 185 186
191243.jpg 97 77 186 186
191346.jpg 139 139 185 186
191355.jpg 77 98 185 186
191394.jpg 97 160 186 185
191417.jpg 92 118 223 223
191457.jpg 92 118 223 223
191465.jpg 461 461 385 385
191544.jpg 332 204 386 386
191554.jpg 336 603 799 799
191557.jpg 498 201 267 267
191667.jpg 52 52 267 268
191709.jpg 97 139 186 186
191853.jpg 97 118 186 186
191859.jpg 167 192 223 223
191864.jpg 216 142 223 223
191870.jpg 97 118 186 186
191899.jpg 139 118 185 186
192096.jpg 0 52 260 268
192110.jpg 248 337 798 799
192173.jpg 77 98 185 186
192186.jpg 56 139 186 186
192205.jpg 290 247 385 385
192311.jpg 245 194 462 463
192386.jpg 489 180 186 186
192421.jpg 180 77 186 186
192431.jpg 77 180 185 186
192436.jpg 167 93 223 223
192466.jpg 759 1016 462 462
192482.jpg 127 92 108 107
192514.jpg 315 118 223 223
192741.jpg 216 192 223 223
192766.jpg 375 504 385 385
192846.jpg 56 139 186 186
192966.jpg 504 162 385 385
192976.jpg 324 284 186 185
193045.jpg 15 77 186 186
193105.jpg 260 201 267 267
193198.jpg 277 134 321 321
193238.jpg 414 291 223 223
193243.jpg 315 93 223 223
193264.jpg 111 52 268 268
193299.jpg 438 320 268 267
193314.jpg 418 418 385 386
193464.jpg 290 260 267 268
193510.jpg 290 468 267 268
193546.jpg 92 118 223 223
193710.jpg 418 247 385 385
193844.jpg 236 184 154 155
193925.jpg 296 53 129 129
193959.jpg 491 277 321 321
194021.jpg 161 247 385 385
194032.jpg 375 119 385 385
194101.jpg 171 171 267 268
194105.jpg 469 77 186 186
194219.jpg 200 171 268 268
194322.jpg 167 68 223 223
194409.jpg 527 260 268 268
194493.jpg 513 192 223 223
194591.jpg 35 57 186 185
194623.jpg 142 167 223 223
194665.jpg 64 64 154 155
194668.jpg 141 52 268 268
194679.jpg 230 142 268 267
194749.jpg 81 98 155 155
194807.jpg 118 77 186 186
194841.jpg 664 295 555 555
194904.jpg 266 192 223 223
194909.jpg 760 204 386 386
195060.jpg 142 297 463 462
195061.jpg 22 142 268 267
195072.jpg 332 290 386 385
195101.jpg 297 297 462 462
195189.jpg 563 93 223 223
195229.jpg 139 139 185 186
195368.jpg 386 160 186 185
195473.jpg 82 171 267 268
195597.jpg 489 266 223 223
195665.jpg 491 241 321 321
195667.jpg 266 93 223 223
195679.jpg 200 112 268 267
195702.jpg 287 47 155 155
195748.jpg 290 290 385 385
195757.jpg 218 184 155 155
195766.jpg 167 133 155 155
195805.jpg 236 81 154 155
195840.jpg 167 150 155 155
195914.jpg 118 118 186 186
195965.jpg 63 134 321 321
195978.jpg 332 204 386 386
196019.jpg 82 52 267 268
196030.jpg 283 160 186 185
196129.jpg 111 112 268 267
196237.jpg 489 180 186 186
196278.jpg 170 134 321 321
196354.jpg 491 384 321 321
196415.jpg 527 171 268 268
196527.jpg 349 171 268 268
196555.jpg 139 160 185 185
196572.jpg 18 142 223 223
196777.jpg 111 171 268 268
196787.jpg 348 134 321 321
196859.jpg 139 139 185 186
196978.jpg 242 201 186 186
197064.jpg 527 231 268 267
197132.jpg 92 167 223 223
197162.jpg 241 384 321 321
197282.jpg 340 118 223 223
197299.jpg 139 110 129 129
197383.jpg 366 222 185 185
197442.jpg 675 333 385 385
197453.jpg 527 142 268 267
197484.jpg 498 290 267 268
197571.jpg 230 201 268 267
197612.jpg 167 142 223 223
197736.jpg 375 333 385 385
197801.jpg 118 139 186 186
197819.jpg 914 528 267 267
197829.jpg 354 206 665 666
198025.jpg 438 350 268 267
198246.jpg 439 192 223 223
198332.jpg 68 167 223 223
198362.jpg 43 167 223 223
198431.jpg 348 170 321 321
198475.jpg 139 160 185 185
198506.jpg 230 260 268 268
198519.jpg 253 81 155 155
198655.jpg 676 320 267 267
198711.jpg 268 110 129 129
198745.jpg 117 217 223 223
198803.jpg 171 295 555 555
198829.jpg 111 260 268 268
198887.jpg 38 96 129 129
199025.jpg 656 657 462 462
199070.jpg 776 206 321 321
199091.jpg 319 112 268 267
199287.jpg 230 290 268 268
199396.jpg 77 98 185 186
199457.jpg 171 231 267 267
199610.jpg 336 692 799 799
199629.jpg 98 170 321 321
199679.jpg 236 116 154 154
199781.jpg 92 118 223 223
199899.jpg 15 77 186 186
199936.jpg 200 231 268 267
200002.jpg 510 77 186 186
200024.jpg 504 333 385 385
200049.jpg 247 247 385 385
200082.jpg 633 313 321 321
200120.jpg 56 118 186 186
200128.jpg 603 514 798 799
200159.jpg 319 350 268 267
200183.jpg 336 603 799 799
200190.jpg 117 167 223 223
200251.jpg 297 348 462 463
200300.jpg 418 418 554 555
200367.jpg 200 231 268 267
200411.jpg 830 724 958 958
200421.jpg 82 171 267 268
200614.jpg 200 260 268 268
200654.jpg 241 170 321 321
200758.jpg 205 313 321 321
200784.jpg 216 242 223 222
200951.jpg 82 142 267 267
200997.jpg 418 290 385 385
201142.jpg 0 99 312 321
201213.jpg 735 112 268 267
201266.jpg 81 116 155 154
201328.jpg 184 116 155 154
201329.jpg 98 206 321 321
201361.jpg 68 192 223 223
201433.jpg 18 93 223 223
201457.jpg 97 98 186 186
201727.jpg 159 118 186 186
201814.jpg 315 142 223 223
201859.jpg 504 290 385 385
201915.jpg 510 724 959 958
201998.jpg 191 142 223 223
201999.jpg 551 222 186 185
202075.jpg 1380 613 1150 1151
202078.jpg 291 118 222 223
202170.jpg 115 116 155 154
202173.jpg 205 313 321 321
202177.jpg 553 194 463 463
202286.jpg 118 139 186 186
202296.jpg 290 247 385 385
202347.jpg 419 277 321 321
202524.jpg 204 162 385 385
202564.jpg 356 665 555 555
202568.jpg 22 142 268 267
